mean: [0.34493255615234375, 0.38065004348754883, 0.4079166650772095]
std: [0.09294305741786957, 0.06471628695726395, 0.05417811498045921]
