mean: [0.3441457152366638, 0.3800986111164093, 0.40766361355781555]
std: [0.09299743920564651, 0.06464490294456482, 0.054139167070388794]
