mean: [0.34414586424827576, 0.38009870052337646, 0.40766361355781555]
std: [0.09299742430448532, 0.06464488804340363, 0.0541391596198082]
